$ 1 0.000005 10.20027730826997 50 5 43
150 208 80 352 80 0 2 0 5
L 112 64 16 64 0 0 false 5 0
L 112 96 16 96 0 0 false 5 0
154 208 0 352 0 0 2 0 5
M 352 80 464 80 0 2.5
M 352 0 464 0 0 2.5
w 112 64 208 64 0
w 112 96 192 96 0
w 192 96 208 96 0
w 208 16 208 64 0
w 192 96 192 -16 0
w 192 -16 208 -16 0
154 112 224 208 224 0 2 0 5
L 64 240 16 240 0 0 false 5 0
L 80 208 16 208 0 0 false 5 0
154 256 256 416 256 0 2 0 5
L 96 272 16 272 0 0 false 5 0
w 208 224 208 240 0
M 416 256 592 256 0 2.5
150 272 352 400 352 0 2 0 5
150 272 448 400 448 0 2 0 5
152 432 400 544 400 0 2 0 5
w 400 352 400 384 0
w 400 416 400 448 0
w 400 384 432 384 0
w 400 416 432 416 0
M 544 400 592 400 0 2.5
w 208 240 256 240 0
w 208 368 256 368 0
w 256 368 272 368 0
w 272 336 256 336 0
w 208 240 208 336 0
w 96 208 112 208 0
w 64 240 112 240 0
w 96 208 96 432 0
w 96 432 272 432 0
w 272 464 64 464 0
w 64 464 64 240 0
w 96 272 256 272 0
w 80 208 96 208 0
w 208 336 208 368 0
w 256 272 256 336 0
